160
152.2
144.8
137.8
131.2
125
119.2
113.8
108.8
104.2
100
96.2
92.8
89.8
87.2
85
83.2
81.8
80.8
80.2
80
80.2
80.8
81.8
83.2
85
87.2
89.8
92.8
96.2
100
104.2
108.8
113.8
119.2
125
131.2
137.8
144.8
152.2
160
152.2
144.4
137
130
123.4
117.2
111.4
106
101
96.4
92.2
88.4
85
82
79.4
77.2
75.4
74
73
72.4
72.2
72.4
73
74
75.4
77.2
79.4
82
85
88.4
92.2
96.4
101
106
111.4
117.2
123.4
130
137
144.4
152.2
144.8
137
129.6
122.6
116
109.8
104
98.6
93.6
89
84.8
81
77.6
74.6
72
69.8
68
66.6
65.6
65
64.8
65
65.6
66.6
68
69.8
72
74.6
77.6
81
84.8
89
93.6
98.6
104
109.8
116
122.6
129.6
137
144.8
137.8
130
122.6
115.6
109
102.8
97
91.6
86.6
82
77.8
74
70.6
67.6
65
62.8
61
59.6
58.6
58
57.8
58
58.6
59.6
61
62.8
65
67.6
70.6
74
77.8
82
86.6
91.6
97
102.8
109
115.6
122.6
130
137.8
131.2
123.4
116
109
102.4
96.2
90.4
85
80
75.4
71.2
67.4
64
61
58.4
56.2
54.4
53
52
51.4
51.2
51.4
52
53
54.4
56.2
58.4
61
64
67.4
71.2
75.4
80
85
90.4
96.2
102.4
109
116
123.4
131.2
125
117.2
109.8
102.8
96.2
90
84.2
78.8
73.8
69.2
65
61.2
57.8
54.8
52.2
50
48.2
46.8
45.8
45.2
45
45.2
45.8
46.8
48.2
50
52.2
54.8
57.8
61.2
65
69.2
73.8
78.8
84.2
90
96.2
102.8
109.8
117.2
125
119.2
111.4
104
97
90.4
84.2
78.4
73
68
63.4
59.2
55.4
52
49
46.4
44.2
42.4
41
40
39.4
39.2
39.4
40
41
42.4
44.2
46.4
49
52
55.4
59.2
63.4
68
73
78.4
84.2
90.4
97
104
111.4
119.2
113.8
106
98.6
91.6
85
78.8
73
67.6
62.6
58
53.8
50
46.6
43.6
41
38.8
37
35.6
34.6
34
33.8
34
34.6
35.6
37
38.8
41
43.6
46.6
50
53.8
58
62.6
67.6
73
78.8
85
91.6
98.6
106
113.8
108.8
101
93.6
86.6
80
73.8
68
62.6
57.6
53
48.8
45
41.6
38.6
36
33.8
32
30.6
29.6
29
28.8
29
29.6
30.6
32
33.8
36
38.6
41.6
45
48.8
53
57.6
62.6
68
73.8
80
86.6
93.6
101
108.8
104.2
96.4
89
82
75.4
69.2
63.4
58
53
48.4
44.2
40.4
37
34
31.4
29.2
27.4
26
25
24.4
24.2
24.4
25
26
27.4
29.2
31.4
34
37
40.4
44.2
48.4
53
58
63.4
69.2
75.4
82
89
96.4
104.2
100
92.2
84.8
77.8
71.2
65
59.2
53.8
48.8
44.2
40
36.2
32.8
29.8
27.2
25
23.2
21.8
20.8
20.2
20
20.2
20.8
21.8
23.2
25
27.2
29.8
32.8
36.2
40
44.2
48.8
53.8
59.2
65
71.2
77.8
84.8
92.2
100
96.2
88.4
81
74
67.4
61.2
55.4
50
45
40.4
36.2
32.4
29
26
23.4
21.2
19.4
18
17
16.4
16.2
16.4
17
18
19.4
21.2
23.4
26
29
32.4
36.2
40.4
45
50
55.4
61.2
67.4
74
81
88.4
96.2
92.8
85
77.6
70.6
64
57.8
52
46.6
41.6
37
32.8
29
25.6
22.6
20
17.8
16
14.6
13.6
13
12.8
13
13.6
14.6
16
17.8
20
22.6
25.6
29
32.8
37
41.6
46.6
52
57.8
64
70.6
77.6
85
92.8
89.8
82
74.6
67.6
61
54.8
49
43.6
38.6
34
29.8
26
22.6
19.6
17
14.8
13
11.6
10.6
10
9.8
10
10.6
11.6
13
14.8
17
19.6
22.6
26
29.8
34
38.6
43.6
49
54.8
61
67.6
74.6
82
89.8
87.2
79.4
72
65
58.4
52.2
46.4
41
36
31.4
27.2
23.4
20
17
14.4
12.2
10.4
9
8
7.4
7.2
7.4
8
9
10.4
12.2
14.4
17
20
23.4
27.2
31.4
36
41
46.4
52.2
58.4
65
72
79.4
87.2
85
77.2
69.8
62.8
56.2
50
44.2
38.8
33.8
29.2
25
21.2
17.8
14.8
12.2
10
8.2
6.8
5.8
5.2
5
5.2
5.8
6.8
8.2
10
12.2
14.8
17.8
21.2
25
29.2
33.8
38.8
44.2
50
56.2
62.8
69.8
77.2
85
83.2
75.4
68
61
54.4
48.2
42.4
37
32
27.4
23.2
19.4
16
13
10.4
8.2
6.4
5
4
3.4
3.2
3.4
4
5
6.4
8.2
10.4
13
16
19.4
23.2
27.4
32
37
42.4
48.2
54.4
61
68
75.4
83.2
81.8
74
66.6
59.6
53
46.8
41
35.6
30.6
26
21.8
18
14.6
11.6
9
6.8
5
3.6
2.6
2
1.8
2
2.6
3.6
5
6.8
9
11.6
14.6
18
21.8
26
30.6
35.6
41
46.8
53
59.6
66.6
74
81.8
80.8
73
65.6
58.6
52
45.8
40
34.6
29.6
25
20.8
17
13.6
10.6
8
5.8
4
2.6
1.6
1
0.8
1
1.6
2.6
4
5.8
8
10.6
13.6
17
20.8
25
29.6
34.6
40
45.8
52
58.6
65.6
73
80.8
80.2
72.4
65
58
51.4
45.2
39.4
34
29
24.4
20.2
16.4
13
10
7.4
5.2
3.4
2
1
0.400000000000001
0.2
0.400000000000001
1
2
3.4
5.2
7.4
10
13
16.4
20.2
24.4
29
34
39.4
45.2
51.4
58
65
72.4
80.2
80
72.2
64.8
57.8
51.2
45
39.2
33.8
28.8
24.2
20
16.2
12.8
9.8
7.2
5
3.2
1.8
0.8
0.2
0
0.2
0.800000000000001
1.8
3.2
5
7.2
9.80000000000001
12.8
16.2
20
24.2
28.8
33.8
39.2
45
51.2
57.8
64.8
72.2
80
80.2
72.4
65
58
51.4
45.2
39.4
34
29
24.4
20.2
16.4
13
10
7.4
5.2
3.4
2
1
0.400000000000001
0.2
0.400000000000001
1
2
3.4
5.2
7.4
10
13
16.4
20.2
24.4
29
34
39.4
45.2
51.4
58
65
72.4
80.2
80.8
73
65.6
58.6
52
45.8
40
34.6
29.6
25
20.8
17
13.6
10.6
8
5.8
4
2.6
1.6
1
0.800000000000001
1
1.6
2.6
4
5.8
8
10.6
13.6
17
20.8
25
29.6
34.6
40
45.8
52
58.6
65.6
73
80.8
81.8
74
66.6
59.6
53
46.8
41
35.6
30.6
26
21.8
18
14.6
11.6
9
6.8
5
3.6
2.6
2
1.8
2
2.6
3.6
5
6.8
9
11.6
14.6
18
21.8
26
30.6
35.6
41
46.8
53
59.6
66.6
74
81.8
83.2
75.4
68
61
54.4
48.2
42.4
37
32
27.4
23.2
19.4
16
13
10.4
8.2
6.4
5
4
3.4
3.2
3.4
4
5
6.4
8.2
10.4
13
16
19.4
23.2
27.4
32
37
42.4
48.2
54.4
61
68
75.4
83.2
85
77.2
69.8
62.8
56.2
50
44.2
38.8
33.8
29.2
25
21.2
17.8
14.8
12.2
10
8.2
6.8
5.8
5.2
5
5.2
5.8
6.8
8.2
10
12.2
14.8
17.8
21.2
25
29.2
33.8
38.8
44.2
50
56.2
62.8
69.8
77.2
85
87.2
79.4
72
65
58.4
52.2
46.4
41
36
31.4
27.2
23.4
20
17
14.4
12.2
10.4
9
8
7.4
7.2
7.4
8
9
10.4
12.2
14.4
17
20
23.4
27.2
31.4
36
41
46.4
52.2
58.4
65
72
79.4
87.2
89.8
82
74.6
67.6
61
54.8
49
43.6
38.6
34
29.8
26
22.6
19.6
17
14.8
13
11.6
10.6
10
9.80000000000001
10
10.6
11.6
13
14.8
17
19.6
22.6
26
29.8
34
38.6
43.6
49
54.8
61
67.6
74.6
82
89.8
92.8
85
77.6
70.6
64
57.8
52
46.6
41.6
37
32.8
29
25.6
22.6
20
17.8
16
14.6
13.6
13
12.8
13
13.6
14.6
16
17.8
20
22.6
25.6
29
32.8
37
41.6
46.6
52
57.8
64
70.6
77.6
85
92.8
96.2
88.4
81
74
67.4
61.2
55.4
50
45
40.4
36.2
32.4
29
26
23.4
21.2
19.4
18
17
16.4
16.2
16.4
17
18
19.4
21.2
23.4
26
29
32.4
36.2
40.4
45
50
55.4
61.2
67.4
74
81
88.4
96.2
100
92.2
84.8
77.8
71.2
65
59.2
53.8
48.8
44.2
40
36.2
32.8
29.8
27.2
25
23.2
21.8
20.8
20.2
20
20.2
20.8
21.8
23.2
25
27.2
29.8
32.8
36.2
40
44.2
48.8
53.8
59.2
65
71.2
77.8
84.8
92.2
100
104.2
96.4
89
82
75.4
69.2
63.4
58
53
48.4
44.2
40.4
37
34
31.4
29.2
27.4
26
25
24.4
24.2
24.4
25
26
27.4
29.2
31.4
34
37
40.4
44.2
48.4
53
58
63.4
69.2
75.4
82
89
96.4
104.2
108.8
101
93.6
86.6
80
73.8
68
62.6
57.6
53
48.8
45
41.6
38.6
36
33.8
32
30.6
29.6
29
28.8
29
29.6
30.6
32
33.8
36
38.6
41.6
45
48.8
53
57.6
62.6
68
73.8
80
86.6
93.6
101
108.8
113.8
106
98.6
91.6
85
78.8
73
67.6
62.6
58
53.8
50
46.6
43.6
41
38.8
37
35.6
34.6
34
33.8
34
34.6
35.6
37
38.8
41
43.6
46.6
50
53.8
58
62.6
67.6
73
78.8
85
91.6
98.6
106
113.8
119.2
111.4
104
97
90.4
84.2
78.4
73
68
63.4
59.2
55.4
52
49
46.4
44.2
42.4
41
40
39.4
39.2
39.4
40
41
42.4
44.2
46.4
49
52
55.4
59.2
63.4
68
73
78.4
84.2
90.4
97
104
111.4
119.2
125
117.2
109.8
102.8
96.2
90
84.2
78.8
73.8
69.2
65
61.2
57.8
54.8
52.2
50
48.2
46.8
45.8
45.2
45
45.2
45.8
46.8
48.2
50
52.2
54.8
57.8
61.2
65
69.2
73.8
78.8
84.2
90
96.2
102.8
109.8
117.2
125
131.2
123.4
116
109
102.4
96.2
90.4
85
80
75.4
71.2
67.4
64
61
58.4
56.2
54.4
53
52
51.4
51.2
51.4
52
53
54.4
56.2
58.4
61
64
67.4
71.2
75.4
80
85
90.4
96.2
102.4
109
116
123.4
131.2
137.8
130
122.6
115.6
109
102.8
97
91.6
86.6
82
77.8
74
70.6
67.6
65
62.8
61
59.6
58.6
58
57.8
58
58.6
59.6
61
62.8
65
67.6
70.6
74
77.8
82
86.6
91.6
97
102.8
109
115.6
122.6
130
137.8
144.8
137
129.6
122.6
116
109.8
104
98.6
93.6
89
84.8
81
77.6
74.6
72
69.8
68
66.6
65.6
65
64.8
65
65.6
66.6
68
69.8
72
74.6
77.6
81
84.8
89
93.6
98.6
104
109.8
116
122.6
129.6
137
144.8
152.2
144.4
137
130
123.4
117.2
111.4
106
101
96.4
92.2
88.4
85
82
79.4
77.2
75.4
74
73
72.4
72.2
72.4
73
74
75.4
77.2
79.4
82
85
88.4
92.2
96.4
101
106
111.4
117.2
123.4
130
137
144.4
152.2
160
152.2
144.8
137.8
131.2
125
119.2
113.8
108.8
104.2
100
96.2
92.8
89.8
87.2
85
83.2
81.8
80.8
80.2
80
80.2
80.8
81.8
83.2
85
87.2
89.8
92.8
96.2
100
104.2
108.8
113.8
119.2
125
131.2
137.8
144.8
152.2
160
