0.696310623822791
0.677707556256101
0.657705685717683
0.636209010280352
0.613121332191478
0.588348405414552
0.56180064773359
0.533396460910442
0.503066169780382
0.470756541762004
0.436435780471985
0.400098802026948
0.361772505316908
0.321520648522238
0.279447859699573
0.235702260395516
0.19047619047619
0.144004608221196
0.0965609099170535
0.048450158311151
0
-0.048450158311151
-0.0965609099170536
-0.144004608221196
-0.19047619047619
-0.235702260395516
-0.279447859699573
-0.321520648522238
-0.361772505316908
-0.400098802026948
-0.436435780471985
-0.470756541762004
-0.503066169780382
-0.533396460910442
-0.56180064773359
-0.588348405414552
-0.613121332191478
-0.636209010280352
-0.657705685717683
-0.677707556256101
-0.696310623822791
0.713376375006422
0.695173646601372
0.675527962536721
0.654330305081576
0.631469630371087
0.606835045547051
0.580318670602775
0.551819267971412
0.521246691315683
0.48852715085276
0.453609211626514
0.416470332044473
0.377123616632825
0.335624311039769
0.292075430106741
0.246631811833495
0.199501867221527
0.150946381627988
0.101273936708367
0.0508328567775349
0
-0.0508328567775349
-0.101273936708367
-0.150946381627988
-0.199501867221527
-0.246631811833495
-0.292075430106741
-0.335624311039769
-0.377123616632825
-0.416470332044473
-0.453609211626514
-0.48852715085276
-0.521246691315683
-0.551819267971411
-0.580318670602775
-0.606835045547051
-0.631469630371087
-0.654330305081576
-0.675527962536721
-0.695173646601372
-0.713376375006422
0.73078409524187
0.713057293788761
0.69384901004253
0.673036445095161
0.650492502545393
0.626087903347262
0.599694111629367
0.571187207712871
0.540452818933254
0.507392164415887
0.471929178183009
0.434018539953371
0.393654265044098
0.35087829498196
0.305788314862575
0.25854384499751
0.209369569036085
0.158554926774507
0.10644925908247
0.0534522483824849
0
-0.0534522483824849
-0.10644925908247
-0.158554926774507
-0.209369569036085
-0.25854384499751
-0.305788314862575
-0.35087829498196
-0.393654265044098
-0.434018539953371
-0.471929178183009
-0.507392164415887
-0.540452818933254
-0.571187207712871
-0.599694111629367
-0.626087903347262
-0.650492502545393
-0.673036445095161
-0.69384901004253
-0.713057293788761
-0.73078409524187
0.74848118856512
0.731310340973526
0.712626824218406
0.692293518019063
0.670166253266713
0.646095738380922
0.619930419878067
0.591520481751277
0.560723176219197
0.527409631633923
0.49147318718299
0.452839144883965
0.411475599898912
0.367404716757035
0.320713490294909
0.271562723296784
0.220192753025272
0.166924465222397
0.112154430818409
0.0563436169819011
0
-0.0563436169819011
-0.112154430818409
-0.166924465222397
-0.220192753025272
-0.271562723296784
-0.320713490294909
-0.367404716757035
-0.411475599898912
-0.452839144883965
-0.49147318718299
-0.527409631633923
-0.560723176219197
-0.591520481751277
-0.619930419878067
-0.646095738380922
-0.670166253266713
-0.692293518019063
-0.712626824218406
-0.731310340973526
-0.74848118856512
0.766401665239347
0.749870186065665
0.731804065363567
0.712051644095882
0.690450963203365
0.66683133671158
0.641015965093882
0.612825877028341
0.582085500087199
0.548630134859198
0.51231551957856
0.473029498104873
0.430705521646532
0.385337317794226
0.336993573781038
0.285830975237515
0.232103541274264
0.176166065854411
0.118469775551818
0.0595491334175414
0
-0.0595491334175414
-0.118469775551819
-0.176166065854411
-0.232103541274264
-0.285830975237515
-0.336993573781038
-0.385337317794226
-0.430705521646532
-0.473029498104873
-0.51231551957856
-0.548630134859198
-0.582085500087199
-0.612825877028341
-0.641015965093882
-0.66683133671158
-0.690450963203365
-0.712051644095882
-0.731804065363567
-0.749870186065665
-0.766401665239347
0.784464540552736
0.768657724359598
0.751305484016714
0.732241836831712
0.711286759159019
0.688247201611685
0.66291921333453
0.635091559369841
0.604551266231854
0.571091544816282
0.534522483824849
0.494684738936381
0.45146611838648
0.404820452376368
0.35478743759345
0.301511344577764
0.245255735793986
0.18641092980036
0.125491161027632
0.0631194403097804
0
-0.0631194403097804
-0.125491161027632
-0.18641092980036
-0.245255735793986
-0.301511344577764
-0.35478743759345
-0.404820452376368
-0.45146611838648
-0.494684738936381
-0.534522483824849
-0.571091544816282
-0.604551266231854
-0.635091559369841
-0.66291921333453
-0.688247201611685
-0.711286759159019
-0.732241836831712
-0.751305484016714
-0.768657724359598
-0.784464540552736
0.802572353905128
0.787575338675194
0.771035286380615
0.752772652709081
0.732589674393008
0.710270585715568
0.685582949624148
0.658280588604383
0.628108707108257
0.594811877479463
0.558145572185948
0.517891803883592
0.473879102207274
0.426006433615129
0.374269716931083
0.318788356531669
0.259827920984652
0.197814142018736
0.133333333333333
0.0671156055214025
0
-0.0671156055214025
-0.133333333333333
-0.197814142018736
-0.259827920984652
-0.318788356531669
-0.374269716931083
-0.426006433615129
-0.473879102207274
-0.517891803883592
-0.558145572185948
-0.594811877479463
-0.628108707108257
-0.658280588604383
-0.685582949624148
-0.710270585715568
-0.732589674393008
-0.752772652709081
-0.771035286380615
-0.787575338675194
-0.802572353905128
0.820609939862218
0.806505083958217
0.790874595294744
0.773526783828593
0.754247233265651
0.732797953119047
0.708917556958567
0.682323045405921
0.652713951864505
0.619779786800912
0.583211843519804
0.542720420239974
0.498058245091752
0.449050209369709
0.395628284037472
0.337868689199743
0.276026223736942
0.210558721903079
0.14213381090374
0.0716114874039433
0
-0.0716114874039433
-0.14213381090374
-0.210558721903079
-0.276026223736942
-0.337868689199743
-0.395628284037472
-0.449050209369709
-0.498058245091752
-0.542720420239974
-0.583211843519804
-0.619779786800912
-0.652713951864505
-0.682323045405921
-0.708917556958567
-0.732797953119047
-0.754247233265651
-0.773526783828593
-0.790874595294744
-0.806505083958217
-0.820609939862218
0.838443616300637
0.825307261249832
0.810679228399881
0.794357832977196
0.776114000116266
0.755689082789818
0.732793491626299
0.707106781186548
0.678280102733066
0.645942241466174
0.609710760849692
0.569209978830308
0.524097425664335
0.474099823035017
0.419058177461747
0.358979079308869
0.294085848837523
0.224859506698758
0.152057184253941
0.0766964988847371
0
-0.0766964988847371
-0.152057184253941
-0.224859506698758
-0.294085848837523
-0.358979079308869
-0.419058177461747
-0.474099823035018
-0.524097425664335
-0.569209978830308
-0.609710760849692
-0.645942241466174
-0.678280102733066
-0.707106781186547
-0.732793491626299
-0.755689082789818
-0.776114000116266
-0.794357832977196
-0.810679228399881
-0.825307261249832
-0.838443616300637
0.855920985021826
0.843819624200222
0.830278087225997
0.815087612525153
0.798007468886106
0.778761197476748
0.757033298610225
0.732467020764714
0.704664263417644
0.673189067498315
0.637576713063338
0.597350980439975
0.552052447473883
0.501280411827603
0.444749589996661
0.382359556450936
0.314269680527354
0.24096579867075
0.163299316185545
0.0824786098842323
0
-0.0824786098842323
-0.163299316185545
-0.24096579867075
-0.314269680527354
-0.382359556450936
-0.444749589996661
-0.501280411827603
-0.552052447473883
-0.597350980439975
-0.637576713063338
-0.673189067498315
-0.704664263417644
-0.732467020764714
-0.757033298610225
-0.778761197476748
-0.798007468886106
-0.815087612525153
-0.830278087225996
-0.843819624200222
-0.855920985021826
0.87287156094397
0.861857502090377
0.849472520729416
0.835504418211084
0.819704831325696
0.801783725737273
0.781403801060327
0.758175396575746
0.731652913019631
0.701334384369672
0.666666666666667
0.627059712862456
0.581914373962646
0.530668630505232
0.47286624374346
0.408248290463863
0.336860768426608
0.259160527674408
0.176090181265125
0.0890870806374749
0
-0.0890870806374749
-0.176090181265125
-0.259160527674408
-0.336860768426608
-0.408248290463863
-0.47286624374346
-0.530668630505232
-0.581914373962646
-0.627059712862456
-0.666666666666667
-0.701334384369672
-0.731652913019631
-0.758175396575746
-0.781403801060327
-0.801783725737273
-0.819704831325696
-0.835504418211084
-0.849472520729416
-0.861857502090377
-0.87287156094397
0.889108448948774
0.87921514542722
0.868037079906742
0.855362829225267
0.840941329964219
0.824474564893969
0.80560947270781
0.783929495902185
0.758946638440411
0.730095642759969
0.696733014291618
0.658145181714418
0.613571991077896
0.562253530231749
0.503508814978014
0.436852028330519
0.362142984170074
0.279751442472094
0.190692517849118
0.0966736489045665
0
-0.0966736489045665
-0.190692517849119
-0.279751442472094
-0.362142984170074
-0.436852028330519
-0.503508814978014
-0.562253530231749
-0.613571991077896
-0.658145181714418
-0.696733014291618
-0.730095642759969
-0.758946638440411
-0.783929495902185
-0.80560947270781
-0.824474564893969
-0.840941329964219
-0.855362829225267
-0.868037079906742
-0.87921514542722
-0.889108448948774
0.904431263292269
0.89566858950296
0.885722096349221
0.874385649785188
0.861411043293065
0.846498971974651
0.829288428862729
0.809344648274097
0.786146138496502
0.75907211527659
0.727392967453308
0.690268489962633
0.646761666763555
0.595879571531124
0.53665631459995
0.468292905790847
0.390360029179413
0.303045763365663
0.207390338946085
0.105409255338946
0
-0.105409255338946
-0.207390338946085
-0.303045763365663
-0.390360029179413
-0.468292905790847
-0.53665631459995
-0.595879571531124
-0.646761666763555
-0.690268489962633
-0.727392967453308
-0.75907211527659
-0.786146138496502
-0.809344648274097
-0.829288428862729
-0.846498971974651
-0.861411043293065
-0.874385649785188
-0.885722096349221
-0.89566858950296
-0.904431263292269
0.918630424349251
0.91098027282223
0.902258472810754
0.892268597838513
0.880771012101088
0.86747239794936
0.852012867230258
0.833950388829459
0.812742553774316
0.787726361443376
0.758098043578903
0.722897396012249
0.681005224606999
0.631168744267203
0.572077553547355
0.502518907629606
0.421637021355784
0.329292779969071
0.226455406828919
0.115470053837925
0
-0.115470053837925
-0.226455406828919
-0.329292779969071
-0.421637021355784
-0.502518907629606
-0.572077553547355
-0.631168744267203
-0.681005224606999
-0.722897396012249
-0.758098043578903
-0.787726361443376
-0.812742553774316
-0.833950388829459
-0.852012867230258
-0.86747239794936
-0.880771012101088
-0.892268597838513
-0.902258472810754
-0.91098027282223
-0.918630424349251
0.931492865665244
0.924905528671347
0.917364944587726
0.908688222502243
0.898649530082769
0.886968593983624
0.873296006172527
0.857194615414523
0.838116354923494
0.815374248327211
0.788110406239101
0.75526322246702
0.715541752799933
0.667423812471915
0.609207699080171
0.539163866017192
0.455842305838552
0.358568582800318
0.248069469178417
0.127000127000191
0
-0.127000127000191
-0.248069469178417
-0.358568582800318
-0.455842305838552
-0.539163866017192
-0.609207699080171
-0.667423812471915
-0.715541752799933
-0.75526322246702
-0.788110406239101
-0.815374248327211
-0.838116354923494
-0.857194615414523
-0.873296006172527
-0.886968593983624
-0.898649530082769
-0.908688222502243
-0.917364944587726
-0.924905528671347
-0.931492865665244
0.942809041582063
0.937200884967281
0.930757841991035
0.923313259209066
0.914659120760047
0.904534033733291
0.892607398288674
0.878458591919332
0.861549790341286
0.84119102419206
0.816496580927726
0.786333650994934
0.749268649265355
0.703526470681448
0.646996639220631
0.577350269189626
0.492365963917331
0.390566732942472
0.272165526975909
0.140028008402801
0
-0.140028008402801
-0.272165526975909
-0.390566732942471
-0.492365963917331
-0.577350269189626
-0.646996639220631
-0.703526470681449
-0.749268649265355
-0.786333650994934
-0.816496580927726
-0.84119102419206
-0.861549790341286
-0.878458591919332
-0.892607398288674
-0.904534033733291
-0.914659120760047
-0.923313259209066
-0.930757841991035
-0.937200884967281
-0.942809041582063
0.952380952380952
0.947633869302251
0.942163060662385
0.935819200357407
0.928414165097055
0.919709009227449
0.909397723446283
0.89708522714506
0.882257546512569
0.864241621450225
0.842151921066519
0.814821714382667
0.780720058358827
0.737864787372622
0.683763458757828
0.615457454896664
0.529812942826017
0.424264068711929
0.298142396999972
0.154303349962092
0
-0.154303349962092
-0.298142396999972
-0.424264068711928
-0.529812942826017
-0.615457454896664
-0.683763458757828
-0.737864787372622
-0.780720058358827
-0.814821714382667
-0.842151921066519
-0.864241621450225
-0.882257546512569
-0.89708522714506
-0.909397723446283
-0.919709009227449
-0.928414165097055
-0.935819200357407
-0.942163060662385
-0.947633869302251
-0.952380952380952
0.960030721474639
0.955993750310593
0.951329560647042
0.945905302926917
0.939552351223526
0.9320546490018
0.923132662754102
0.912421128246675
0.899438026795034
0.883541261792749
0.86386842558136
0.839254327416282
0.808122035641769
0.768349819927832
0.717137165600636
0.650944554904119
0.565685424949238
0.457495710997814
0.324442842261525
0.169030850945703
0
-0.169030850945703
-0.324442842261525
-0.457495710997814
-0.565685424949238
-0.650944554904119
-0.717137165600636
-0.768349819927832
-0.808122035641769
-0.839254327416282
-0.86386842558136
-0.883541261792749
-0.899438026795034
-0.912421128246675
-0.923132662754102
-0.9320546490018
-0.939552351223526
-0.945905302926917
-0.951329560647042
-0.955993750310593
-0.960030721474639
0.965609099170535
0.962102398729483
0.958043331742229
0.953312661956475
0.947758204414548
0.941183707707238
0.933333333333333
0.923869770874312
0.912343105523647
0.898146239020499
0.880450906325624
0.858116330321033
0.82956135578434
0.792593923901217
0.744208407535251
0.680413817439772
0.596284793999944
0.486664263392288
0.348155311911396
0.182574185835056
0
-0.182574185835056
-0.348155311911396
-0.486664263392287
-0.596284793999944
-0.680413817439772
-0.744208407535251
-0.792593923901217
-0.82956135578434
-0.858116330321033
-0.880450906325624
-0.898146239020499
-0.912343105523647
-0.923869770874312
-0.933333333333333
-0.941183707707238
-0.947758204414548
-0.953312661956475
-0.958043331742229
-0.962102398729483
-0.965609099170535
0.969003166223018
0.965824278773163
0.962140470884728
0.957841488692319
0.952786134680662
0.946791604646705
0.939618477299634
0.930949336251263
0.920357986616845
0.907264708726555
0.890870806374748
0.870062840141097
0.843274042711568
0.808290376865476
0.762000762001143
0.700140042014005
0.617213399848368
0.50709255283711
0.365148371670111
0.192450089729875
0
-0.192450089729875
-0.365148371670111
-0.50709255283711
-0.617213399848368
-0.700140042014005
-0.762000762001143
-0.808290376865476
-0.843274042711568
-0.870062840141097
-0.890870806374748
-0.907264708726555
-0.920357986616845
-0.930949336251263
-0.939618477299634
-0.946791604646705
-0.952786134680662
-0.957841488692319
-0.962140470884728
-0.965824278773163
-0.969003166223018
0.970142500145332
0.967074537262646
0.963517909629941
0.959365501571271
0.95447997803503
0.948683298050514
0.941741911594837
0.93334560620306
0.923076923076923
0.910366477462605
0.894427190999916
0.874157276121538
0.847998304005088
0.813733471206735
0.768221279597376
0.707106781186547
0.624695047554424
0.514495755427527
0.371390676354104
0.196116135138184
0
-0.196116135138184
-0.371390676354104
-0.514495755427526
-0.624695047554424
-0.707106781186547
-0.768221279597376
-0.813733471206735
-0.847998304005088
-0.874157276121538
-0.894427190999916
-0.910366477462605
-0.923076923076923
-0.93334560620306
-0.941741911594837
-0.948683298050514
-0.95447997803503
-0.959365501571271
-0.963517909629941
-0.967074537262646
-0.970142500145332
0.969003166223018
0.965824278773163
0.962140470884728
0.957841488692319
0.952786134680662
0.946791604646705
0.939618477299634
0.930949336251263
0.920357986616845
0.907264708726555
0.890870806374748
0.870062840141097
0.843274042711568
0.808290376865476
0.762000762001143
0.700140042014005
0.617213399848368
0.50709255283711
0.365148371670111
0.192450089729875
0
-0.192450089729875
-0.365148371670111
-0.50709255283711
-0.617213399848368
-0.700140042014005
-0.762000762001143
-0.808290376865476
-0.843274042711568
-0.870062840141097
-0.890870806374748
-0.907264708726555
-0.920357986616845
-0.930949336251263
-0.939618477299634
-0.946791604646705
-0.952786134680662
-0.957841488692319
-0.962140470884728
-0.965824278773163
-0.969003166223018
0.965609099170535
0.962102398729483
0.958043331742229
0.953312661956475
0.947758204414548
0.941183707707238
0.933333333333333
0.923869770874312
0.912343105523647
0.898146239020499
0.880450906325624
0.858116330321033
0.82956135578434
0.792593923901217
0.744208407535251
0.680413817439772
0.596284793999944
0.486664263392288
0.348155311911396
0.182574185835055
0
-0.182574185835055
-0.348155311911396
-0.486664263392287
-0.596284793999944
-0.680413817439772
-0.744208407535251
-0.792593923901217
-0.82956135578434
-0.858116330321033
-0.880450906325624
-0.898146239020499
-0.912343105523647
-0.923869770874312
-0.933333333333333
-0.941183707707238
-0.947758204414548
-0.953312661956475
-0.958043331742229
-0.962102398729483
-0.965609099170535
0.960030721474639
0.955993750310593
0.951329560647042
0.945905302926917
0.939552351223526
0.9320546490018
0.923132662754102
0.912421128246675
0.899438026795034
0.883541261792749
0.86386842558136
0.839254327416282
0.808122035641769
0.768349819927832
0.717137165600636
0.650944554904119
0.565685424949238
0.457495710997814
0.324442842261525
0.169030850945703
0
-0.169030850945703
-0.324442842261525
-0.457495710997814
-0.565685424949238
-0.650944554904119
-0.717137165600636
-0.768349819927832
-0.808122035641769
-0.839254327416282
-0.86386842558136
-0.883541261792749
-0.899438026795034
-0.912421128246675
-0.923132662754102
-0.9320546490018
-0.939552351223526
-0.945905302926917
-0.951329560647042
-0.955993750310593
-0.960030721474639
0.952380952380952
0.947633869302251
0.942163060662385
0.935819200357407
0.928414165097055
0.919709009227449
0.909397723446283
0.89708522714506
0.882257546512569
0.864241621450225
0.842151921066519
0.814821714382667
0.780720058358827
0.737864787372622
0.683763458757828
0.615457454896664
0.529812942826017
0.424264068711929
0.298142396999972
0.154303349962092
0
-0.154303349962092
-0.298142396999972
-0.424264068711928
-0.529812942826017
-0.615457454896664
-0.683763458757828
-0.737864787372622
-0.780720058358827
-0.814821714382667
-0.842151921066519
-0.864241621450225
-0.882257546512569
-0.89708522714506
-0.909397723446283
-0.919709009227449
-0.928414165097055
-0.935819200357407
-0.942163060662385
-0.947633869302251
-0.952380952380952
0.942809041582063
0.937200884967281
0.930757841991035
0.923313259209066
0.914659120760047
0.904534033733291
0.892607398288674
0.878458591919332
0.861549790341286
0.84119102419206
0.816496580927726
0.786333650994934
0.749268649265355
0.703526470681448
0.646996639220631
0.577350269189626
0.492365963917331
0.390566732942472
0.272165526975909
0.140028008402801
0
-0.140028008402801
-0.272165526975909
-0.390566732942471
-0.492365963917331
-0.577350269189626
-0.646996639220631
-0.703526470681449
-0.749268649265355
-0.786333650994934
-0.816496580927726
-0.84119102419206
-0.861549790341286
-0.878458591919332
-0.892607398288674
-0.904534033733291
-0.914659120760047
-0.923313259209066
-0.930757841991035
-0.937200884967281
-0.942809041582063
0.931492865665244
0.924905528671347
0.917364944587726
0.908688222502243
0.898649530082769
0.886968593983624
0.873296006172527
0.857194615414523
0.838116354923494
0.815374248327211
0.788110406239101
0.75526322246702
0.715541752799933
0.667423812471915
0.609207699080171
0.539163866017192
0.455842305838552
0.358568582800318
0.248069469178417
0.127000127000191
0
-0.127000127000191
-0.248069469178417
-0.358568582800318
-0.455842305838552
-0.539163866017192
-0.609207699080171
-0.667423812471915
-0.715541752799933
-0.75526322246702
-0.788110406239101
-0.815374248327211
-0.838116354923494
-0.857194615414523
-0.873296006172527
-0.886968593983624
-0.898649530082769
-0.908688222502243
-0.917364944587726
-0.924905528671347
-0.931492865665244
0.918630424349251
0.91098027282223
0.902258472810754
0.892268597838513
0.880771012101088
0.86747239794936
0.852012867230258
0.833950388829459
0.812742553774316
0.787726361443376
0.758098043578903
0.722897396012249
0.681005224606999
0.631168744267202
0.572077553547355
0.502518907629606
0.421637021355784
0.329292779969071
0.226455406828919
0.115470053837925
0
-0.115470053837925
-0.226455406828919
-0.329292779969071
-0.421637021355784
-0.502518907629606
-0.572077553547355
-0.631168744267203
-0.681005224606999
-0.722897396012249
-0.758098043578903
-0.787726361443376
-0.812742553774316
-0.833950388829459
-0.852012867230258
-0.86747239794936
-0.880771012101088
-0.892268597838513
-0.902258472810754
-0.91098027282223
-0.918630424349251
0.904431263292269
0.89566858950296
0.885722096349221
0.874385649785188
0.861411043293065
0.846498971974651
0.829288428862729
0.809344648274097
0.786146138496502
0.75907211527659
0.727392967453308
0.690268489962633
0.646761666763555
0.595879571531124
0.53665631459995
0.468292905790847
0.390360029179413
0.303045763365663
0.207390338946085
0.105409255338946
0
-0.105409255338946
-0.207390338946085
-0.303045763365663
-0.390360029179413
-0.468292905790847
-0.53665631459995
-0.595879571531124
-0.646761666763555
-0.690268489962633
-0.727392967453308
-0.75907211527659
-0.786146138496502
-0.809344648274097
-0.829288428862729
-0.846498971974651
-0.861411043293065
-0.874385649785188
-0.885722096349221
-0.89566858950296
-0.904431263292269
0.889108448948774
0.87921514542722
0.868037079906742
0.855362829225267
0.840941329964219
0.824474564893969
0.80560947270781
0.783929495902185
0.758946638440411
0.730095642759969
0.696733014291618
0.658145181714418
0.613571991077896
0.562253530231749
0.503508814978014
0.436852028330519
0.362142984170074
0.279751442472094
0.190692517849118
0.0966736489045665
0
-0.0966736489045665
-0.190692517849119
-0.279751442472094
-0.362142984170074
-0.436852028330519
-0.503508814978014
-0.562253530231749
-0.613571991077896
-0.658145181714418
-0.696733014291618
-0.730095642759969
-0.758946638440411
-0.783929495902185
-0.80560947270781
-0.824474564893969
-0.840941329964219
-0.855362829225267
-0.868037079906742
-0.87921514542722
-0.889108448948774
0.87287156094397
0.861857502090377
0.849472520729416
0.835504418211084
0.819704831325696
0.801783725737273
0.781403801060327
0.758175396575746
0.731652913019631
0.701334384369672
0.666666666666667
0.627059712862456
0.581914373962646
0.530668630505232
0.47286624374346
0.408248290463863
0.336860768426608
0.259160527674408
0.176090181265125
0.0890870806374749
0
-0.0890870806374749
-0.176090181265125
-0.259160527674408
-0.336860768426608
-0.408248290463863
-0.47286624374346
-0.530668630505232
-0.581914373962646
-0.627059712862456
-0.666666666666667
-0.701334384369672
-0.731652913019631
-0.758175396575746
-0.781403801060327
-0.801783725737273
-0.819704831325696
-0.835504418211084
-0.849472520729416
-0.861857502090377
-0.87287156094397
0.855920985021826
0.843819624200222
0.830278087225997
0.815087612525153
0.798007468886106
0.778761197476748
0.757033298610225
0.732467020764714
0.704664263417644
0.673189067498315
0.637576713063338
0.597350980439975
0.552052447473883
0.501280411827603
0.444749589996661
0.382359556450936
0.314269680527354
0.24096579867075
0.163299316185545
0.0824786098842323
0
-0.0824786098842323
-0.163299316185545
-0.24096579867075
-0.314269680527354
-0.382359556450936
-0.444749589996661
-0.501280411827603
-0.552052447473883
-0.597350980439975
-0.637576713063338
-0.673189067498315
-0.704664263417644
-0.732467020764714
-0.757033298610225
-0.778761197476748
-0.798007468886106
-0.815087612525153
-0.830278087225996
-0.843819624200222
-0.855920985021826
0.838443616300637
0.825307261249832
0.810679228399881
0.794357832977196
0.776114000116266
0.755689082789818
0.732793491626299
0.707106781186547
0.678280102733066
0.645942241466174
0.609710760849692
0.569209978830308
0.524097425664335
0.474099823035017
0.419058177461747
0.358979079308869
0.294085848837523
0.224859506698758
0.152057184253941
0.0766964988847371
0
-0.0766964988847371
-0.152057184253941
-0.224859506698758
-0.294085848837523
-0.358979079308869
-0.419058177461747
-0.474099823035018
-0.524097425664335
-0.569209978830308
-0.609710760849692
-0.645942241466174
-0.678280102733066
-0.707106781186547
-0.732793491626299
-0.755689082789818
-0.776114000116266
-0.794357832977196
-0.810679228399881
-0.825307261249832
-0.838443616300637
0.820609939862218
0.806505083958217
0.790874595294744
0.773526783828593
0.754247233265651
0.732797953119047
0.708917556958567
0.682323045405921
0.652713951864505
0.619779786800912
0.583211843519804
0.542720420239975
0.498058245091752
0.449050209369709
0.395628284037472
0.337868689199743
0.276026223736942
0.210558721903079
0.14213381090374
0.0716114874039434
0
-0.0716114874039434
-0.14213381090374
-0.210558721903079
-0.276026223736942
-0.337868689199743
-0.395628284037472
-0.449050209369709
-0.498058245091752
-0.542720420239975
-0.583211843519804
-0.619779786800912
-0.652713951864506
-0.682323045405921
-0.708917556958567
-0.732797953119047
-0.754247233265651
-0.773526783828593
-0.790874595294744
-0.806505083958217
-0.820609939862218
0.802572353905128
0.787575338675194
0.771035286380615
0.752772652709081
0.732589674393008
0.710270585715568
0.685582949624148
0.658280588604383
0.628108707108257
0.594811877479463
0.558145572185948
0.517891803883592
0.473879102207274
0.426006433615129
0.374269716931083
0.318788356531669
0.259827920984652
0.197814142018736
0.133333333333333
0.0671156055214025
0
-0.0671156055214025
-0.133333333333333
-0.197814142018736
-0.259827920984652
-0.318788356531669
-0.374269716931083
-0.426006433615129
-0.473879102207274
-0.517891803883592
-0.558145572185948
-0.594811877479463
-0.628108707108257
-0.658280588604383
-0.685582949624148
-0.710270585715568
-0.732589674393008
-0.752772652709081
-0.771035286380615
-0.787575338675194
-0.802572353905128
0.784464540552736
0.768657724359598
0.751305484016714
0.732241836831712
0.711286759159019
0.688247201611685
0.66291921333453
0.635091559369841
0.604551266231854
0.571091544816282
0.534522483824849
0.494684738936381
0.45146611838648
0.404820452376368
0.35478743759345
0.301511344577764
0.245255735793986
0.18641092980036
0.125491161027632
0.0631194403097804
0
-0.0631194403097804
-0.125491161027632
-0.18641092980036
-0.245255735793986
-0.301511344577764
-0.35478743759345
-0.404820452376368
-0.45146611838648
-0.494684738936381
-0.534522483824849
-0.571091544816282
-0.604551266231854
-0.635091559369841
-0.66291921333453
-0.688247201611685
-0.711286759159019
-0.732241836831712
-0.751305484016714
-0.768657724359598
-0.784464540552736
0.766401665239347
0.749870186065665
0.731804065363567
0.712051644095882
0.690450963203365
0.66683133671158
0.641015965093882
0.612825877028341
0.582085500087199
0.548630134859198
0.51231551957856
0.473029498104873
0.430705521646532
0.385337317794226
0.336993573781038
0.285830975237515
0.232103541274264
0.176166065854411
0.118469775551818
0.0595491334175414
0
-0.0595491334175414
-0.118469775551819
-0.176166065854411
-0.232103541274264
-0.285830975237515
-0.336993573781038
-0.385337317794226
-0.430705521646532
-0.473029498104873
-0.51231551957856
-0.548630134859198
-0.582085500087199
-0.612825877028341
-0.641015965093882
-0.66683133671158
-0.690450963203365
-0.712051644095882
-0.731804065363567
-0.749870186065665
-0.766401665239347
0.74848118856512
0.731310340973526
0.712626824218406
0.692293518019063
0.670166253266713
0.646095738380922
0.619930419878067
0.591520481751277
0.560723176219197
0.527409631633923
0.49147318718299
0.452839144883965
0.411475599898912
0.367404716757035
0.320713490294909
0.271562723296784
0.220192753025272
0.166924465222397
0.112154430818409
0.0563436169819011
0
-0.0563436169819011
-0.112154430818409
-0.166924465222397
-0.220192753025272
-0.271562723296784
-0.320713490294909
-0.367404716757035
-0.411475599898912
-0.452839144883965
-0.49147318718299
-0.527409631633923
-0.560723176219197
-0.591520481751277
-0.619930419878067
-0.646095738380922
-0.670166253266713
-0.692293518019063
-0.712626824218406
-0.731310340973526
-0.74848118856512
0.73078409524187
0.713057293788761
0.69384901004253
0.673036445095162
0.650492502545393
0.626087903347262
0.599694111629367
0.571187207712871
0.540452818933254
0.507392164415887
0.471929178183009
0.434018539953371
0.393654265044098
0.35087829498196
0.305788314862575
0.25854384499751
0.209369569036085
0.158554926774507
0.10644925908247
0.0534522483824849
0
-0.0534522483824849
-0.10644925908247
-0.158554926774507
-0.209369569036085
-0.25854384499751
-0.305788314862575
-0.35087829498196
-0.393654265044098
-0.434018539953371
-0.471929178183009
-0.507392164415887
-0.540452818933254
-0.571187207712871
-0.599694111629367
-0.626087903347262
-0.650492502545393
-0.673036445095161
-0.69384901004253
-0.713057293788761
-0.73078409524187
0.713376375006422
0.695173646601372
0.675527962536721
0.654330305081576
0.631469630371087
0.606835045547051
0.580318670602775
0.551819267971412
0.521246691315683
0.48852715085276
0.453609211626514
0.416470332044473
0.377123616632825
0.335624311039769
0.292075430106741
0.246631811833495
0.199501867221527
0.150946381627988
0.101273936708367
0.0508328567775349
0
-0.0508328567775349
-0.101273936708367
-0.150946381627988
-0.199501867221527
-0.246631811833495
-0.292075430106741
-0.335624311039769
-0.377123616632825
-0.416470332044473
-0.453609211626514
-0.48852715085276
-0.521246691315683
-0.551819267971411
-0.580318670602775
-0.606835045547051
-0.631469630371087
-0.654330305081576
-0.675527962536721
-0.695173646601372
-0.713376375006422
0.696310623822791
0.677707556256101
0.657705685717683
0.636209010280352
0.613121332191478
0.588348405414552
0.56180064773359
0.533396460910442
0.503066169780382
0.470756541762004
0.436435780471985
0.400098802026948
0.361772505316908
0.321520648522238
0.279447859699573
0.235702260395516
0.19047619047619
0.144004608221196
0.0965609099170535
0.048450158311151
0
-0.048450158311151
-0.0965609099170536
-0.144004608221196
-0.19047619047619
-0.235702260395516
-0.279447859699573
-0.321520648522238
-0.361772505316908
-0.400098802026948
-0.436435780471985
-0.470756541762004
-0.503066169780382
-0.533396460910442
-0.56180064773359
-0.588348405414552
-0.613121332191478
-0.636209010280352
-0.657705685717683
-0.677707556256101
-0.696310623822791
