0.174077655955698
0.178344093751605
0.182696023810467
0.18712029714128
0.191600416309837
0.196116135138184
0.200643088476282
0.205152484965555
0.209610904075159
0.213980246255456
0.218217890235992
0.222277112237194
0.226107815823067
0.229657606087313
0.232873216416311
0.235702260395516
0.238095238095238
0.24000768036866
0.241402274792634
0.242250791555755
0.242535625036333
0.242250791555755
0.241402274792634
0.24000768036866
0.238095238095238
0.235702260395516
0.232873216416311
0.229657606087313
0.226107815823067
0.222277112237194
0.218217890235992
0.213980246255456
0.209610904075159
0.205152484965555
0.200643088476282
0.196116135138184
0.191600416309837
0.18712029714128
0.182696023810467
0.178344093751605
0.174077655955698
0.178344093751605
0.182940433316151
0.1876466562602
0.192450089729875
0.197334259490965
0.202278348515684
0.20725666807242
0.212238179989004
0.217186121381535
0.222057795842164
0.226804605813257
0.231372406691374
0.235702260395516
0.239731650742692
0.243396191755618
0.246631811833495
0.249377334026908
0.251577302713314
0.253184841770917
0.254164283887674
0.254493299279644
0.254164283887674
0.253184841770917
0.251577302713314
0.249377334026908
0.246631811833495
0.243396191755618
0.239731650742692
0.235702260395516
0.231372406691374
0.226804605813257
0.222057795842164
0.217186121381535
0.212238179989004
0.20725666807242
0.202278348515684
0.197334259490965
0.192450089729875
0.1876466562602
0.182940433316151
0.178344093751605
0.182696023810467
0.1876466562602
0.192735836122925
0.197951895616224
0.203278907045435
0.208695967782421
0.21417646843906
0.219687387581873
0.225188674555523
0.230632802007221
0.235964589091504
0.241121411085206
0.246033915652561
0.250627353558543
0.254823595718813
0.25854384499751
0.261711961295107
0.264258211290845
0.266123147706175
0.267261241912424
0.267643863786095
0.267261241912424
0.266123147706175
0.264258211290845
0.261711961295107
0.25854384499751
0.254823595718813
0.250627353558543
0.246033915652561
0.241121411085206
0.235964589091504
0.230632802007221
0.225188674555522
0.219687387581873
0.21417646843906
0.208695967782421
0.203278907045435
0.197951895616224
0.192735836122925
0.1876466562602
0.182696023810467
0.18712029714128
0.192450089729875
0.197951895616224
0.203615740593842
0.209426954145848
0.215365246126974
0.221403721385024
0.227507877596645
0.233634656757999
0.239731650742692
0.245736593591495
0.251577302713314
0.25717224993682
0.262431940540739
0.267261241912424
0.271562723296784
0.27524094128159
0.278207442037329
0.280386077046022
0.281718084909506
0.28216632399155
0.281718084909506
0.280386077046022
0.278207442037329
0.27524094128159
0.271562723296784
0.267261241912424
0.262431940540739
0.25717224993682
0.251577302713314
0.245736593591495
0.239731650742692
0.233634656757999
0.227507877596645
0.221403721385024
0.215365246126974
0.209426954145848
0.203615740593842
0.197951895616224
0.192450089729875
0.18712029714128
0.191600416309837
0.197334259490965
0.203278907045435
0.209426954145848
0.215765926001052
0.222277112237193
0.228934273247815
0.235702260395516
0.242535625036333
0.249377334026908
0.25615775978928
0.262794165613818
0.269190951029083
0.27524094128159
0.280827978150865
0.285830975237515
0.29012942659283
0.293610109757352
0.296174438879546
0.297745667087707
0.298274993135947
0.297745667087707
0.296174438879546
0.293610109757352
0.29012942659283
0.285830975237515
0.280827978150865
0.27524094128159
0.269190951029083
0.262794165613818
0.25615775978928
0.249377334026908
0.242535625036333
0.235702260395516
0.228934273247815
0.222277112237193
0.215765926001052
0.209426954145848
0.203278907045435
0.197334259490965
0.191600416309837
0.196116135138184
0.202278348515684
0.208695967782421
0.215365246126974
0.222277112237193
0.229415733870562
0.236756861905189
0.244265984373016
0.251896360929939
0.259587065825582
0.267261241912424
0.274824854964656
0.28216632399155
0.28915746598312
0.295656197994541
0.301511344577764
0.306569669742483
0.3106848830006
0.313727902569079
0.315597201548902
0.316227766016838
0.315597201548902
0.313727902569079
0.3106848830006
0.306569669742483
0.301511344577764
0.295656197994541
0.28915746598312
0.28216632399155
0.274824854964656
0.267261241912424
0.259587065825582
0.251896360929939
0.244265984373016
0.236756861905189
0.229415733870562
0.222277112237193
0.215365246126974
0.208695967782421
0.202278348515684
0.196116135138184
0.200643088476282
0.20725666807242
0.21417646843906
0.221403721385024
0.228934273247815
0.236756861905189
0.244851053437196
0.253184841770917
0.261711961295107
0.270369035217938
0.279072786092974
0.287717668824218
0.296174438879546
0.304290309725092
0.311891430775903
0.318788356531669
0.324784901230815
0.329690236697894
0.333333333333333
0.335578027607012
0.336336396998156
0.335578027607012
0.333333333333333
0.329690236697894
0.324784901230815
0.318788356531669
0.311891430775903
0.304290309725092
0.296174438879546
0.287717668824218
0.279072786092974
0.270369035217938
0.261711961295107
0.253184841770917
0.244851053437196
0.236756861905189
0.228934273247815
0.221403721385024
0.21417646843906
0.20725666807242
0.200643088476282
0.205152484965555
0.212238179989004
0.219687387581873
0.227507877596645
0.235702260395516
0.244265984373016
0.253184841770917
0.262431940540739
0.271964146610211
0.281718084909506
0.291605921759902
0.301511344577764
0.311286403182345
0.320750149549792
0.329690236697893
0.337868689199743
0.345032779671177
0.350931203171798
0.355334527259351
0.358057437019716
0.358979079308869
0.358057437019716
0.355334527259351
0.350931203171798
0.345032779671177
0.337868689199743
0.329690236697893
0.320750149549792
0.311286403182345
0.301511344577764
0.291605921759902
0.281718084909506
0.271964146610211
0.262431940540739
0.253184841770917
0.244265984373016
0.235702260395516
0.227507877596645
0.219687387581873
0.212238179989004
0.205152484965555
0.209610904075159
0.217186121381535
0.225188674555523
0.233634656757999
0.242535625036333
0.251896360929939
0.261711961295107
0.271964146610211
0.282616709472111
0.293610109757352
0.304855380424846
0.316227766016838
0.327560891040209
0.338642730739298
0.349215147884789
0.358979079308869
0.367607311046904
0.374765844497931
0.380142960634853
0.383482494423685
0.384615384615385
0.383482494423685
0.380142960634853
0.374765844497931
0.367607311046904
0.358979079308869
0.349215147884789
0.338642730739298
0.327560891040209
0.316227766016838
0.304855380424846
0.293610109757352
0.282616709472111
0.271964146610211
0.261711961295107
0.251896360929939
0.242535625036333
0.233634656757999
0.225188674555523
0.217186121381535
0.209610904075159
0.213980246255456
0.222057795842164
0.230632802007221
0.239731650742692
0.249377334026908
0.259587065825582
0.270369035217938
0.281718084909506
0.293610109757352
0.305995030681052
0.318788356531669
0.331861655799986
0.345032779671177
0.358057437019716
0.370624658330551
0.382359556450936
0.392837100659193
0.401609664451249
0.408248290463863
0.412393049421161
0.413802944301184
0.412393049421161
0.408248290463863
0.401609664451249
0.392837100659193
0.382359556450936
0.370624658330551
0.358057437019716
0.345032779671177
0.331861655799986
0.318788356531669
0.305995030681052
0.293610109757352
0.281718084909506
0.270369035217938
0.259587065825582
0.249377334026908
0.239731650742692
0.230632802007221
0.222057795842164
0.213980246255456
0.218217890235992
0.226804605813257
0.235964589091504
0.245736593591495
0.25615775978928
0.267261241912424
0.279072786092974
0.291605921759902
0.304855380424846
0.318788356531669
0.333333333333333
0.348366507145809
0.363696483726654
0.379049021789452
0.39405520311955
0.408248290463863
0.421075960533259
0.43193421279068
0.440225453162812
0.445435403187374
0.447213595499958
0.445435403187374
0.440225453162812
0.43193421279068
0.421075960533259
0.408248290463863
0.39405520311955
0.379049021789452
0.363696483726654
0.348366507145809
0.333333333333333
0.318788356531669
0.304855380424846
0.291605921759902
0.279072786092974
0.267261241912424
0.25615775978928
0.245736593591495
0.235964589091504
0.226804605813257
0.218217890235992
0.222277112237194
0.231372406691374
0.241121411085206
0.251577302713314
0.262794165613818
0.274824854964656
0.287717668824218
0.301511344577764
0.316227766016838
0.331861655799986
0.348366507145809
0.365636212063565
0.383482494423685
0.401609664451249
0.419590679148345
0.436852028330519
0.452678730212593
0.466252404120157
0.476731294622796
0.483368244522832
0.485642931178632
0.483368244522832
0.476731294622796
0.466252404120157
0.452678730212593
0.436852028330519
0.419590679148345
0.401609664451249
0.383482494423685
0.365636212063565
0.348366507145809
0.331861655799986
0.316227766016838
0.301511344577764
0.287717668824218
0.274824854964656
0.262794165613818
0.251577302713314
0.241121411085206
0.231372406691374
0.222277112237194
0.226107815823067
0.235702260395516
0.246033915652561
0.25717224993682
0.269190951029083
0.28216632399155
0.296174438879546
0.311286403182345
0.327560891040209
0.345032779671177
0.363696483726654
0.383482494423685
0.404226041727222
0.425628265379374
0.447213595499958
0.468292905790847
0.487950036474267
0.505076272276105
0.518475847365213
0.52704627669473
0.52999894000318
0.52704627669473
0.518475847365213
0.505076272276105
0.487950036474267
0.468292905790847
0.447213595499958
0.425628265379374
0.404226041727222
0.383482494423685
0.363696483726654
0.345032779671177
0.327560891040209
0.311286403182345
0.296174438879546
0.28216632399155
0.269190951029083
0.25717224993682
0.246033915652561
0.235702260395516
0.226107815823067
0.229657606087313
0.239731650742692
0.250627353558543
0.262431940540739
0.27524094128159
0.28915746598312
0.304290309725092
0.320750149549792
0.338642730739298
0.358057437019716
0.379049021789452
0.401609664451249
0.425628265379374
0.450834817333716
0.476731294622796
0.502518907629606
0.52704627669473
0.548821299948452
0.566138517072298
0.577350269189626
0.581238193719096
0.577350269189626
0.566138517072298
0.548821299948452
0.52704627669473
0.502518907629606
0.476731294622796
0.450834817333716
0.425628265379374
0.401609664451249
0.379049021789452
0.358057437019716
0.338642730739298
0.320750149549792
0.304290309725092
0.28915746598312
0.27524094128159
0.262431940540739
0.250627353558543
0.239731650742692
0.229657606087313
0.232873216416311
0.243396191755618
0.254823595718813
0.267261241912424
0.280827978150865
0.295656197994541
0.311891430775903
0.329690236697893
0.349215147884789
0.370624658330551
0.39405520311955
0.419590679148345
0.447213595499958
0.476731294622796
0.507673082566809
0.539163866017192
0.56980288229819
0.597614304667197
0.620173672946042
0.635000635000952
0.64018439966448
0.635000635000952
0.620173672946042
0.597614304667197
0.56980288229819
0.539163866017192
0.507673082566809
0.476731294622796
0.447213595499958
0.419590679148345
0.39405520311955
0.370624658330551
0.349215147884789
0.329690236697894
0.311891430775903
0.295656197994541
0.280827978150865
0.267261241912424
0.254823595718813
0.243396191755618
0.232873216416311
0.235702260395516
0.246631811833495
0.25854384499751
0.271562723296784
0.285830975237515
0.301511344577764
0.318788356531669
0.337868689199743
0.358979079308869
0.382359556450936
0.408248290463863
0.436852028330519
0.468292905790847
0.502518907629606
0.539163866017192
0.577350269189626
0.615457454896664
0.650944554904119
0.680413817439772
0.700140042014005
0.707106781186547
0.700140042014005
0.680413817439772
0.650944554904119
0.615457454896664
0.577350269189626
0.539163866017192
0.502518907629606
0.468292905790847
0.436852028330519
0.408248290463863
0.382359556450936
0.358979079308869
0.337868689199743
0.318788356531669
0.301511344577764
0.285830975237515
0.271562723296784
0.25854384499751
0.246631811833495
0.235702260395516
0.238095238095238
0.249377334026908
0.261711961295107
0.27524094128159
0.29012942659283
0.306569669742483
0.324784901230815
0.345032779671177
0.367607311046904
0.392837100659193
0.421075960533259
0.452678730212593
0.487950036474267
0.52704627669473
0.56980288229819
0.615457454896664
0.662266178532522
0.707106781186548
0.74535599249993
0.77151674981046
0.78086880944303
0.77151674981046
0.74535599249993
0.707106781186548
0.662266178532522
0.615457454896664
0.56980288229819
0.52704627669473
0.487950036474267
0.452678730212593
0.421075960533259
0.392837100659193
0.367607311046904
0.345032779671177
0.324784901230815
0.306569669742483
0.29012942659283
0.27524094128159
0.261711961295107
0.249377334026908
0.238095238095238
0.24000768036866
0.251577302713314
0.264258211290845
0.278207442037329
0.293610109757352
0.3106848830006
0.329690236697894
0.350931203171798
0.374765844497931
0.401609664451249
0.43193421279068
0.466252404120157
0.505076272276105
0.548821299948452
0.597614304667197
0.650944554904119
0.707106781186548
0.762492851663023
0.811107105653813
0.845154254728517
0.857492925712544
0.845154254728517
0.811107105653812
0.762492851663023
0.707106781186548
0.650944554904119
0.597614304667197
0.548821299948452
0.505076272276106
0.466252404120157
0.43193421279068
0.401609664451249
0.374765844497931
0.350931203171798
0.329690236697894
0.3106848830006
0.293610109757352
0.278207442037329
0.264258211290845
0.251577302713314
0.24000768036866
0.241402274792634
0.253184841770917
0.266123147706175
0.280386077046022
0.296174438879546
0.313727902569079
0.333333333333333
0.355334527259351
0.380142960634853
0.408248290463863
0.440225453162812
0.476731294622796
0.518475847365213
0.566138517072298
0.620173672946042
0.680413817439772
0.74535599249993
0.811107105653813
0.870388279778489
0.912870929175277
0.928476690885259
0.912870929175277
0.870388279778489
0.811107105653813
0.74535599249993
0.680413817439772
0.620173672946042
0.566138517072298
0.518475847365213
0.476731294622796
0.440225453162812
0.408248290463863
0.380142960634853
0.355334527259351
0.333333333333333
0.313727902569079
0.296174438879546
0.280386077046022
0.266123147706175
0.253184841770917
0.241402274792634
0.242250791555755
0.254164283887674
0.267261241912424
0.281718084909506
0.297745667087707
0.315597201548902
0.335578027607012
0.358057437019716
0.383482494423685
0.412393049421161
0.445435403187374
0.483368244522832
0.52704627669473
0.577350269189626
0.635000635000952
0.700140042014005
0.77151674981046
0.845154254728517
0.912870929175277
0.962250448649376
0.98058067569092
0.962250448649376
0.912870929175277
0.845154254728517
0.77151674981046
0.700140042014005
0.635000635000952
0.577350269189626
0.52704627669473
0.483368244522832
0.445435403187374
0.412393049421161
0.383482494423685
0.358057437019716
0.335578027607012
0.315597201548902
0.297745667087707
0.281718084909506
0.267261241912424
0.254164283887674
0.242250791555755
0.242535625036333
0.254493299279644
0.267643863786095
0.28216632399155
0.298274993135947
0.316227766016838
0.336336396998156
0.358979079308869
0.384615384615385
0.413802944301184
0.447213595499958
0.485642931178632
0.52999894000318
0.581238193719096
0.64018439966448
0.707106781186547
0.78086880944303
0.857492925712544
0.928476690885259
0.98058067569092
1
0.98058067569092
0.928476690885259
0.857492925712544
0.78086880944303
0.707106781186547
0.64018439966448
0.581238193719096
0.52999894000318
0.485642931178632
0.447213595499958
0.413802944301184
0.384615384615385
0.358979079308869
0.336336396998156
0.316227766016838
0.298274993135947
0.28216632399155
0.267643863786095
0.254493299279644
0.242535625036333
0.242250791555755
0.254164283887674
0.267261241912424
0.281718084909506
0.297745667087707
0.315597201548902
0.335578027607012
0.358057437019716
0.383482494423685
0.412393049421161
0.445435403187374
0.483368244522832
0.52704627669473
0.577350269189626
0.635000635000952
0.700140042014005
0.77151674981046
0.845154254728517
0.912870929175277
0.962250448649376
0.98058067569092
0.962250448649376
0.912870929175277
0.845154254728517
0.77151674981046
0.700140042014005
0.635000635000952
0.577350269189626
0.52704627669473
0.483368244522832
0.445435403187374
0.412393049421161
0.383482494423685
0.358057437019716
0.335578027607012
0.315597201548902
0.297745667087707
0.281718084909506
0.267261241912424
0.254164283887674
0.242250791555755
0.241402274792634
0.253184841770917
0.266123147706175
0.280386077046022
0.296174438879546
0.313727902569079
0.333333333333333
0.355334527259351
0.380142960634853
0.408248290463863
0.440225453162812
0.476731294622796
0.518475847365213
0.566138517072298
0.620173672946042
0.680413817439772
0.74535599249993
0.811107105653812
0.870388279778489
0.912870929175277
0.928476690885259
0.912870929175277
0.870388279778489
0.811107105653813
0.74535599249993
0.680413817439772
0.620173672946042
0.566138517072298
0.518475847365213
0.476731294622796
0.440225453162812
0.408248290463863
0.380142960634853
0.355334527259351
0.333333333333333
0.313727902569079
0.296174438879546
0.280386077046022
0.266123147706175
0.253184841770917
0.241402274792634
0.24000768036866
0.251577302713314
0.264258211290845
0.278207442037329
0.293610109757352
0.3106848830006
0.329690236697894
0.350931203171798
0.374765844497931
0.401609664451249
0.43193421279068
0.466252404120157
0.505076272276105
0.548821299948452
0.597614304667197
0.650944554904119
0.707106781186548
0.762492851663023
0.811107105653813
0.845154254728517
0.857492925712544
0.845154254728517
0.811107105653813
0.762492851663023
0.707106781186548
0.650944554904119
0.597614304667197
0.548821299948452
0.505076272276106
0.466252404120157
0.43193421279068
0.401609664451249
0.374765844497931
0.350931203171798
0.329690236697894
0.3106848830006
0.293610109757352
0.278207442037329
0.264258211290845
0.251577302713314
0.24000768036866
0.238095238095238
0.249377334026908
0.261711961295107
0.27524094128159
0.29012942659283
0.306569669742483
0.324784901230815
0.345032779671177
0.367607311046904
0.392837100659193
0.421075960533259
0.452678730212593
0.487950036474267
0.52704627669473
0.56980288229819
0.615457454896664
0.662266178532522
0.707106781186548
0.74535599249993
0.77151674981046
0.78086880944303
0.77151674981046
0.74535599249993
0.707106781186548
0.662266178532522
0.615457454896664
0.56980288229819
0.52704627669473
0.487950036474267
0.452678730212593
0.421075960533259
0.392837100659193
0.367607311046904
0.345032779671177
0.324784901230815
0.306569669742483
0.29012942659283
0.27524094128159
0.261711961295107
0.249377334026908
0.238095238095238
0.235702260395516
0.246631811833495
0.25854384499751
0.271562723296784
0.285830975237515
0.301511344577764
0.318788356531669
0.337868689199743
0.358979079308869
0.382359556450936
0.408248290463863
0.436852028330519
0.468292905790847
0.502518907629606
0.539163866017192
0.577350269189626
0.615457454896664
0.650944554904119
0.680413817439772
0.700140042014005
0.707106781186547
0.700140042014005
0.680413817439772
0.650944554904119
0.615457454896664
0.577350269189626
0.539163866017192
0.502518907629606
0.468292905790847
0.436852028330519
0.408248290463863
0.382359556450936
0.358979079308869
0.337868689199743
0.318788356531669
0.301511344577764
0.285830975237515
0.271562723296784
0.25854384499751
0.246631811833495
0.235702260395516
0.232873216416311
0.243396191755618
0.254823595718813
0.267261241912424
0.280827978150865
0.295656197994541
0.311891430775903
0.329690236697893
0.349215147884789
0.370624658330551
0.39405520311955
0.419590679148345
0.447213595499958
0.476731294622796
0.507673082566809
0.539163866017192
0.56980288229819
0.597614304667197
0.620173672946042
0.635000635000952
0.64018439966448
0.635000635000952
0.620173672946042
0.597614304667197
0.56980288229819
0.539163866017192
0.507673082566809
0.476731294622796
0.447213595499958
0.419590679148345
0.39405520311955
0.370624658330551
0.349215147884789
0.329690236697894
0.311891430775903
0.295656197994541
0.280827978150865
0.267261241912424
0.254823595718813
0.243396191755618
0.232873216416311
0.229657606087313
0.239731650742692
0.250627353558543
0.262431940540739
0.27524094128159
0.28915746598312
0.304290309725092
0.320750149549792
0.338642730739298
0.358057437019716
0.379049021789452
0.401609664451249
0.425628265379374
0.450834817333716
0.476731294622796
0.502518907629606
0.52704627669473
0.548821299948452
0.566138517072298
0.577350269189626
0.581238193719096
0.577350269189626
0.566138517072298
0.548821299948452
0.52704627669473
0.502518907629606
0.476731294622796
0.450834817333716
0.425628265379374
0.401609664451249
0.379049021789452
0.358057437019716
0.338642730739298
0.320750149549792
0.304290309725092
0.28915746598312
0.27524094128159
0.262431940540739
0.250627353558543
0.239731650742692
0.229657606087313
0.226107815823067
0.235702260395516
0.246033915652561
0.25717224993682
0.269190951029083
0.28216632399155
0.296174438879546
0.311286403182345
0.327560891040209
0.345032779671177
0.363696483726654
0.383482494423685
0.404226041727222
0.425628265379374
0.447213595499958
0.468292905790847
0.487950036474267
0.505076272276106
0.518475847365213
0.52704627669473
0.52999894000318
0.52704627669473
0.518475847365213
0.505076272276106
0.487950036474267
0.468292905790847
0.447213595499958
0.425628265379374
0.404226041727222
0.383482494423685
0.363696483726654
0.345032779671177
0.327560891040209
0.311286403182345
0.296174438879546
0.28216632399155
0.269190951029083
0.25717224993682
0.246033915652561
0.235702260395516
0.226107815823067
0.222277112237194
0.231372406691374
0.241121411085206
0.251577302713314
0.262794165613818
0.274824854964656
0.287717668824218
0.301511344577764
0.316227766016838
0.331861655799986
0.348366507145809
0.365636212063565
0.383482494423685
0.401609664451249
0.419590679148345
0.436852028330519
0.452678730212593
0.466252404120157
0.476731294622796
0.483368244522832
0.485642931178632
0.483368244522832
0.476731294622796
0.466252404120157
0.452678730212593
0.436852028330519
0.419590679148345
0.401609664451249
0.383482494423685
0.365636212063565
0.348366507145809
0.331861655799986
0.316227766016838
0.301511344577764
0.287717668824218
0.274824854964656
0.262794165613818
0.251577302713314
0.241121411085206
0.231372406691374
0.222277112237194
0.218217890235992
0.226804605813257
0.235964589091504
0.245736593591495
0.25615775978928
0.267261241912424
0.279072786092974
0.291605921759902
0.304855380424846
0.318788356531669
0.333333333333333
0.348366507145809
0.363696483726654
0.379049021789452
0.39405520311955
0.408248290463863
0.421075960533259
0.43193421279068
0.440225453162812
0.445435403187374
0.447213595499958
0.445435403187374
0.440225453162812
0.43193421279068
0.421075960533259
0.408248290463863
0.39405520311955
0.379049021789452
0.363696483726654
0.348366507145809
0.333333333333333
0.318788356531669
0.304855380424846
0.291605921759902
0.279072786092974
0.267261241912424
0.25615775978928
0.245736593591495
0.235964589091504
0.226804605813257
0.218217890235992
0.213980246255456
0.222057795842164
0.230632802007221
0.239731650742692
0.249377334026908
0.259587065825582
0.270369035217938
0.281718084909506
0.293610109757352
0.305995030681052
0.318788356531669
0.331861655799986
0.345032779671177
0.358057437019716
0.370624658330551
0.382359556450936
0.392837100659193
0.401609664451249
0.408248290463863
0.412393049421161
0.413802944301184
0.412393049421161
0.408248290463863
0.401609664451249
0.392837100659193
0.382359556450936
0.370624658330551
0.358057437019716
0.345032779671177
0.331861655799986
0.318788356531669
0.305995030681052
0.293610109757352
0.281718084909506
0.270369035217938
0.259587065825582
0.249377334026908
0.239731650742692
0.230632802007221
0.222057795842164
0.213980246255456
0.209610904075159
0.217186121381535
0.225188674555522
0.233634656757999
0.242535625036333
0.251896360929939
0.261711961295107
0.271964146610211
0.282616709472111
0.293610109757352
0.304855380424846
0.316227766016838
0.327560891040209
0.338642730739298
0.349215147884789
0.358979079308869
0.367607311046904
0.374765844497931
0.380142960634853
0.383482494423685
0.384615384615385
0.383482494423685
0.380142960634853
0.374765844497931
0.367607311046904
0.358979079308869
0.349215147884789
0.338642730739298
0.327560891040209
0.316227766016838
0.304855380424846
0.293610109757352
0.282616709472111
0.271964146610211
0.261711961295107
0.251896360929939
0.242535625036333
0.233634656757999
0.225188674555523
0.217186121381535
0.209610904075159
0.205152484965555
0.212238179989004
0.219687387581873
0.227507877596645
0.235702260395516
0.244265984373016
0.253184841770917
0.262431940540739
0.271964146610211
0.281718084909506
0.291605921759902
0.301511344577764
0.311286403182345
0.320750149549792
0.329690236697894
0.337868689199743
0.345032779671177
0.350931203171798
0.355334527259351
0.358057437019716
0.358979079308869
0.358057437019716
0.355334527259351
0.350931203171798
0.345032779671177
0.337868689199743
0.329690236697894
0.320750149549792
0.311286403182345
0.301511344577764
0.291605921759902
0.281718084909506
0.271964146610211
0.262431940540739
0.253184841770917
0.244265984373016
0.235702260395516
0.227507877596645
0.219687387581873
0.212238179989004
0.205152484965555
0.200643088476282
0.20725666807242
0.21417646843906
0.221403721385024
0.228934273247815
0.236756861905189
0.244851053437196
0.253184841770917
0.261711961295107
0.270369035217938
0.279072786092974
0.287717668824218
0.296174438879546
0.304290309725092
0.311891430775903
0.318788356531669
0.324784901230815
0.329690236697894
0.333333333333333
0.335578027607012
0.336336396998156
0.335578027607012
0.333333333333333
0.329690236697894
0.324784901230815
0.318788356531669
0.311891430775903
0.304290309725092
0.296174438879546
0.287717668824218
0.279072786092974
0.270369035217938
0.261711961295107
0.253184841770917
0.244851053437196
0.236756861905189
0.228934273247815
0.221403721385024
0.21417646843906
0.20725666807242
0.200643088476282
0.196116135138184
0.202278348515684
0.208695967782421
0.215365246126974
0.222277112237193
0.229415733870562
0.236756861905189
0.244265984373016
0.251896360929939
0.259587065825582
0.267261241912424
0.274824854964656
0.28216632399155
0.28915746598312
0.295656197994541
0.301511344577764
0.306569669742483
0.3106848830006
0.313727902569079
0.315597201548902
0.316227766016838
0.315597201548902
0.313727902569079
0.3106848830006
0.306569669742483
0.301511344577764
0.295656197994541
0.28915746598312
0.28216632399155
0.274824854964656
0.267261241912424
0.259587065825582
0.251896360929939
0.244265984373016
0.236756861905189
0.229415733870562
0.222277112237193
0.215365246126974
0.208695967782421
0.202278348515684
0.196116135138184
0.191600416309837
0.197334259490965
0.203278907045435
0.209426954145848
0.215765926001052
0.222277112237193
0.228934273247815
0.235702260395516
0.242535625036333
0.249377334026908
0.25615775978928
0.262794165613818
0.269190951029083
0.27524094128159
0.280827978150865
0.285830975237515
0.29012942659283
0.293610109757352
0.296174438879546
0.297745667087707
0.298274993135947
0.297745667087707
0.296174438879546
0.293610109757352
0.29012942659283
0.285830975237515
0.280827978150865
0.27524094128159
0.269190951029083
0.262794165613818
0.25615775978928
0.249377334026908
0.242535625036333
0.235702260395516
0.228934273247815
0.222277112237193
0.215765926001052
0.209426954145848
0.203278907045435
0.197334259490965
0.191600416309837
0.18712029714128
0.192450089729875
0.197951895616224
0.203615740593842
0.209426954145848
0.215365246126974
0.221403721385024
0.227507877596645
0.233634656757999
0.239731650742692
0.245736593591495
0.251577302713314
0.25717224993682
0.262431940540739
0.267261241912424
0.271562723296784
0.27524094128159
0.278207442037329
0.280386077046022
0.281718084909506
0.28216632399155
0.281718084909506
0.280386077046022
0.278207442037329
0.27524094128159
0.271562723296784
0.267261241912424
0.262431940540739
0.25717224993682
0.251577302713314
0.245736593591495
0.239731650742692
0.233634656757999
0.227507877596645
0.221403721385024
0.215365246126974
0.209426954145848
0.203615740593842
0.197951895616224
0.192450089729875
0.18712029714128
0.182696023810467
0.1876466562602
0.192735836122925
0.197951895616224
0.203278907045435
0.208695967782421
0.21417646843906
0.219687387581873
0.225188674555523
0.230632802007221
0.235964589091504
0.241121411085206
0.246033915652561
0.250627353558543
0.254823595718813
0.25854384499751
0.261711961295107
0.264258211290845
0.266123147706175
0.267261241912424
0.267643863786095
0.267261241912424
0.266123147706175
0.264258211290845
0.261711961295107
0.25854384499751
0.254823595718813
0.250627353558543
0.246033915652561
0.241121411085206
0.235964589091504
0.230632802007221
0.225188674555523
0.219687387581873
0.21417646843906
0.208695967782421
0.203278907045435
0.197951895616224
0.192735836122925
0.1876466562602
0.182696023810467
0.178344093751605
0.182940433316151
0.1876466562602
0.192450089729875
0.197334259490965
0.202278348515684
0.20725666807242
0.212238179989004
0.217186121381535
0.222057795842164
0.226804605813257
0.231372406691374
0.235702260395516
0.239731650742692
0.243396191755618
0.246631811833495
0.249377334026908
0.251577302713314
0.253184841770917
0.254164283887674
0.254493299279644
0.254164283887674
0.253184841770917
0.251577302713314
0.249377334026908
0.246631811833495
0.243396191755618
0.239731650742692
0.235702260395516
0.231372406691374
0.226804605813257
0.222057795842164
0.217186121381535
0.212238179989004
0.20725666807242
0.202278348515684
0.197334259490965
0.192450089729875
0.1876466562602
0.182940433316151
0.178344093751605
0.174077655955698
0.178344093751605
0.182696023810467
0.18712029714128
0.191600416309837
0.196116135138184
0.200643088476282
0.205152484965555
0.209610904075159
0.213980246255456
0.218217890235992
0.222277112237194
0.226107815823067
0.229657606087313
0.232873216416311
0.235702260395516
0.238095238095238
0.24000768036866
0.241402274792634
0.242250791555755
0.242535625036333
0.242250791555755
0.241402274792634
0.24000768036866
0.238095238095238
0.235702260395516
0.232873216416311
0.229657606087313
0.226107815823067
0.222277112237194
0.218217890235992
0.213980246255456
0.209610904075159
0.205152484965555
0.200643088476282
0.196116135138184
0.191600416309837
0.18712029714128
0.182696023810467
0.178344093751605
0.174077655955698
